-0.034 0.03 0.035
-0.033 0.031 0.035
-0.034 0.031 0.036
-0.029 0.03 0.035
-0.028 0.03 0.035
-0.025 0.029 0.036
-0.028 0.03 0.038
-0.026 0.03 0.038
-0.024 0.03 0.038
-0.022 0.029 0.037
-0.02 0.03 0.037
-0.02 0.03 0.037
-0.019 0.03 0.037
-0.017 0.03 0.037
-0.016 0.03 0.037
-0.015 0.03 0.037
-0.015 0.03 0.037
-0.018 0.031 0.037
-0.014 0.033 0.037
-0.017 0.03 0.037
-0.016 0.03 0.037
-0.018 0.031 0.037
-0.021 0.031 0.037
-0.02 0.03 0.037
-0.02 0.031 0.037
-0.019 0.03 0.037
-0.021 0.03 0.037
-0.021 0.03 0.037
-0.018 0.03 0.037
-0.019 0.029 0.037
-0.017 0.03 0.037
-0.017 0.03 0.037
-0.017 0.031 0.037
-0.017 0.03 0.037
-0.018 0.029 0.037
-0.018 0.029 0.037
-0.018 0.03 0.037
-0.017 0.03 0.037
-0.017 0.029 0.037
-0.018 0.028 0.037
-0.021 0.029 0.037
-0.021 0.028 0.037
-0.024 0.028 0.035
-0.021 0.027 0.037
-0.021 0.029 0.035
-0.025 0.026 0.036
-0.018 0.028 0.037
-0.014 0.028 0.037
-0.018 0.027 0.037
-0.022 0.027 0.037
-0.024 0.026 0.037
-0.02 0.027 0.037
-0.02 0.027 0.037
-0.02 0.027 0.037
-0.023 0.025 0.037
-0.023 0.025 0.037
-0.024 0.025 0.036
-0.026 0.025 0.036
-0.026 0.025 0.036
-0.025 0.025 0.036
-0.025 0.025 0.036
-0.02 0.024 0.037
-0.028 0.024 0.036
-0.027 0.025 0.036
-0.027 0.024 0.036
-0.025 0.024 0.036
-0.026 0.024 0.035
-0.024 0.024 0.037
-0.024 0.025 0.035
-0.025 0.025 0.035
-0.025 0.025 0.035
-0.025 0.024 0.036
-0.022 0.025 0.035
-0.024 0.023 0.036
-0.02 0.025 0.035
-0.019 0.023 0.037
-0.026 0.022 0.038
-0.022 0.023 0.039
-0.023 0.025 0.047
-0.03 0.032 0.051
-0.037 0.037 0.058
-0.037 0.037 0.058
-0.049 0.046 0.062
-0.058 0.056 0.068
-0.073 0.065 0.071
-0.09 0.09 0.077
-0.096 0.107 0.079
-0.117 0.12 0.078
-0.12 0.134 0.078
-0.129 0.149 0.076
-0.137 0.159 0.076
-0.137 0.159 0.076
-0.148 0.171 0.069
-0.158 0.179 0.067
-0.173 0.181 0.061
-0.174 0.187 0.056
-0.177 0.192 0.052
-0.189 0.198 0.042
-0.187 0.201 0.039
-0.184 0.204 0.037
-0.19 0.205 0.035
-0.19 0.205 0.035
-0.197 0.205 0.036
-0.186 0.208 0.036
-0.188 0.208 0.035
-0.189 0.209 0.034
-0.192 0.208 0.033
-0.189 0.207 0.033
-0.19 0.208 0.034
-0.188 0.206 0.034
-0.186 0.207 0.035
-0.186 0.207 0.035
-0.187 0.202 0.038
-0.186 0.199 0.037
-0.192 0.192 0.034
-0.193 0.185 0.034
-0.188 0.176 0.034
-0.193 0.166 0.032
-0.187 0.153 0.035
-0.189 0.141 0.033
-0.189 0.126 0.035
-0.193 0.11 0.035
-0.196 0.096 0.035
-0.199 0.081 0.035
-0.199 0.068 0.036
-0.199 0.056 0.037
-0.2 0.043 0.037
-0.199 0.031 0.038
-0.2 0.019 0.039
-0.201 0.008 0.04
-0.203 -0.004 0.041
-0.2 -0.014 0.042
-0.2 -0.024 0.044
-0.202 -0.032 0.045
-0.204 -0.039 0.046
-0.206 -0.048 0.048
-0.206 -0.055 0.049
-0.209 -0.063 0.05
-0.21 -0.069 0.052
-0.213 -0.074 0.053
-0.213 -0.082 0.054
-0.214 -0.087 0.055
-0.214 -0.095 0.056
-0.215 -0.102 0.056
-0.213 -0.109 0.055
-0.209 -0.117 0.054
-0.207 -0.123 0.054
-0.204 -0.132 0.054
-0.205 -0.136 0.053
-0.203 -0.139 0.052
-0.201 -0.144 0.051
-0.196 -0.147 0.05
-0.195 -0.148 0.051
-0.201 -0.149 0.051
-0.203 -0.149 0.051
-0.199 -0.149 0.051
-0.194 -0.152 0.051
-0.193 -0.154 0.05
-0.19 -0.154 0.047
-0.178 -0.157 0.046
-0.173 -0.157 0.046
-0.167 -0.156 0.046
-0.162 -0.156 0.045
-0.157 -0.154 0.045
-0.152 -0.153 0.046
-0.14 -0.152 0.046
-0.137 -0.15 0.046
-0.128 -0.152 0.046
-0.127 -0.15 0.043
-0.122 -0.151 0.043
-0.114 -0.152 0.043
-0.113 -0.153 0.041
-0.11 -0.153 0.042
-0.108 -0.151 0.041
-0.108 -0.148 0.042
-0.105 -0.147 0.041
-0.105 -0.144 0.042
-0.11 -0.137 0.04
-0.117 -0.129 0.039
-0.115 -0.122 0.038
-0.11 -0.111 0.041
-0.111 -0.101 0.04
-0.118 -0.088 0.038
-0.116 -0.078 0.038
-0.117 -0.068 0.039
-0.116 -0.056 0.039
-0.117 -0.049 0.039
-0.115 -0.04 0.039
-0.118 -0.033 0.036
-0.119 -0.027 0.037
-0.121 -0.021 0.038
-0.124 -0.014 0.036
-0.123 -0.009 0.037
-0.125 -0.005 0.036
-0.126 0.002 0.037
-0.125 0.006 0.037
-0.125 0.012 0.036
-0.127 0.02 0.037
-0.124 0.026 0.036
-0.124 0.033 0.036
-0.125 0.041 0.035
-0.128 0.05 0.034
-0.125 0.061 0.034
-0.126 0.071 0.034
-0.126 0.071 0.034
-0.124 0.09 0.033
-0.13 0.095 0.033
-0.132 0.103 0.033
-0.129 0.112 0.034
-0.129 0.121 0.033
-0.127 0.128 0.033
-0.129 0.134 0.033
-0.126 0.142 0.032
-0.128 0.148 0.033
-0.128 0.148 0.033
-0.131 0.154 0.033
-0.138 0.157 0.032
-0.137 0.167 0.032
-0.136 0.173 0.034
-0.139 0.177 0.033
-0.142 0.181 0.033
-0.134 0.188 0.033
-0.136 0.189 0.031
-0.134 0.191 0.032
-0.134 0.191 0.032
-0.134 0.19 0.032
-0.137 0.191 0.031
-0.126 0.193 0.033
-0.13 0.193 0.033
-0.118 0.196 0.032
-0.118 0.196 0.031
-0.112 0.197 0.034
-0.109 0.199 0.034
-0.104 0.199 0.034
-0.104 0.199 0.034
-0.099 0.2 0.034
-0.093 0.201 0.034
-0.083 0.205 0.034
-0.073 0.206 0.032
-0.065 0.21 0.033
-0.057 0.211 0.033
-0.051 0.212 0.033
-0.048 0.213 0.034
-0.051 0.213 0.034
-0.046 0.214 0.033
-0.046 0.214 0.033
-0.045 0.214 0.033
-0.042 0.215 0.031
-0.039 0.215 0.033
-0.041 0.215 0.033
-0.041 0.215 0.032
-0.036 0.216 0.032
-0.041 0.215 0.033
-0.041 0.217 0.032
-0.044 0.215 0.032
-0.044 0.215 0.032
-0.044 0.219 0.032
-0.038 0.217 0.032
-0.043 0.217 0.031
-0.041 0.218 0.033
-0.041 0.218 0.032
-0.04 0.218 0.032
-0.033 0.219 0.033
-0.029 0.218 0.033
-0.033 0.213 0.033
-0.032 0.21 0.033
-0.038 0.203 0.034
-0.041 0.197 0.034
-0.036 0.191 0.036
-0.031 0.182 0.033
-0.033 0.176 0.033
-0.031 0.169 0.033
-0.027 0.162 0.034
-0.035 0.154 0.034
-0.03 0.148 0.033
-0.035 0.138 0.033
-0.036 0.131 0.034
-0.037 0.122 0.034
-0.036 0.113 0.034
-0.035 0.102 0.034
-0.037 0.093 0.035
-0.036 0.082 0.034
-0.036 0.071 0.035
-0.035 0.058 0.034
-0.03 0.047 0.036
-0.035 0.036 0.037
-0.035 0.026 0.037
-0.033 0.016 0.036
-0.03 0.01 0.037
-0.025 0.002 0.038
-0.026 -0.003 0.038
-0.026 -0.008 0.038
-0.026 -0.013 0.038
-0.03 -0.017 0.037
-0.029 -0.022 0.036
-0.029 -0.029 0.036
-0.022 -0.033 0.039
-0.026 -0.04 0.04
-0.024 -0.047 0.039
-0.022 -0.053 0.04
-0.02 -0.059 0.04
-0.024 -0.066 0.04
-0.028 -0.071 0.04
-0.024 -0.078 0.04
-0.029 -0.084 0.039
-0.028 -0.088 0.04
-0.034 -0.095 0.04
-0.026 -0.101 0.04
-0.018 -0.109 0.039
-0.018 -0.114 0.041
-0.019 -0.12 0.041
-0.015 -0.123 0.042
-0.013 -0.128 0.041
-0.012 -0.133 0.041
-0.029 -0.133 0.039
-0.024 -0.136 0.039
-0.022 -0.138 0.04
-0.033 -0.138 0.039
-0.024 -0.141 0.039
-0.024 -0.142 0.039
-0.021 -0.141 0.039
-0.02 -0.145 0.039
-0.023 -0.144 0.039
-0.011 -0.145 0.041
-0.016 -0.144 0.039
-0.009 -0.144 0.04
-0.008 -0.143 0.04
0.007 -0.144 0.041
0.018 -0.146 0.039
0.019 -0.144 0.039
0.022 -0.145 0.039
0.032 -0.142 0.042
0.036 -0.143 0.04
0.042 -0.14 0.043
0.053 -0.14 0.041
0.059 -0.14 0.043
0.063 -0.141 0.043
0.061 -0.14 0.043
0.063 -0.14 0.043
0.067 -0.14 0.043
0.068 -0.139 0.043
0.069 -0.14 0.042
0.076 -0.138 0.043
0.08 -0.139 0.043
0.079 -0.136 0.042
0.087 -0.137 0.044
0.086 -0.137 0.042
0.086 -0.137 0.042
0.086 -0.138 0.044
0.075 -0.136 0.042
0.076 -0.132 0.042
0.078 -0.127 0.042
0.075 -0.118 0.042
0.073 -0.11 0.041
0.064 -0.1 0.04
0.068 -0.091 0.04
0.07 -0.081 0.042
0.074 -0.068 0.042
0.074 -0.068 0.042
0.074 -0.058 0.04
0.068 -0.047 0.039
0.07 -0.027 0.038
0.073 -0.02 0.037
0.065 -0.014 0.038
0.067 -0.008 0.038
0.065 -0.001 0.038
0.067 0.004 0.039
0.068 0.011 0.038
0.068 0.011 0.038
0.06 0.019 0.038
0.065 0.028 0.038
0.06 0.035 0.036
0.069 0.045 0.037
0.057 0.069 0.035
0.058 0.077 0.036
0.056 0.087 0.035
0.05 0.097 0.035
0.058 0.109 0.034
0.058 0.109 0.034
0.053 0.117 0.034
0.054 0.124 0.035
0.051 0.135 0.034
0.049 0.145 0.033
0.051 0.153 0.034
0.045 0.159 0.034
0.055 0.178 0.035
0.054 0.182 0.035
0.056 0.188 0.034
0.056 0.188 0.034
0.055 0.193 0.034
0.051 0.195 0.033
0.052 0.197 0.034
0.057 0.199 0.034
0.054 0.198 0.034
0.057 0.199 0.034
0.055 0.201 0.035
0.063 0.202 0.034
0.076 0.208 0.035
0.076 0.208 0.035
0.076 0.209 0.035
0.086 0.214 0.035
0.085 0.212 0.035
0.096 0.216 0.035
0.103 0.22 0.037
0.107 0.221 0.035
0.122 0.225 0.036
0.13 0.228 0.034
0.121 0.226 0.034
0.131 0.23 0.035
0.137 0.229 0.035
0.138 0.23 0.033
0.139 0.23 0.035
0.142 0.23 0.035
0.132 0.228 0.035
0.148 0.23 0.033
0.143 0.228 0.033
0.15 0.227 0.035
0.144 0.223 0.036
0.129 0.213 0.036
0.133 0.207 0.036
0.138 0.201 0.036
0.136 0.192 0.036
0.144 0.184 0.036
0.147 0.175 0.036
0.147 0.164 0.037
0.154 0.151 0.037
0.14 0.139 0.037
0.14 0.125 0.037
0.144 0.113 0.037
0.149 0.102 0.037
0.151 0.09 0.037
0.147 0.077 0.037
0.151 0.064 0.037
0.15 0.05 0.04
0.154 0.037 0.04
0.161 0.023 0.04
0.156 0.007 0.04
0.156 -0.007 0.04
0.162 -0.021 0.04
0.162 -0.034 0.042
0.162 -0.048 0.042
0.166 -0.062 0.042
0.164 -0.076 0.042
0.162 -0.086 0.043
0.155 -0.098 0.043
0.163 -0.107 0.043
0.162 -0.117 0.043
0.164 -0.124 0.043
0.165 -0.129 0.045
0.171 -0.133 0.045
0.167 -0.136 0.046
0.166 -0.139 0.046
0.17 -0.141 0.045
0.167 -0.143 0.045
0.175 -0.143 0.045
0.169 -0.142 0.043
0.169 -0.142 0.043
0.17 -0.141 0.043
0.165 -0.14 0.043
0.168 -0.136 0.043
0.161 -0.127 0.043
0.159 -0.118 0.043
0.152 -0.103 0.043
0.152 -0.087 0.043
0.153 -0.069 0.043
0.173 -0.032 0.04
0.173 -0.032 0.04
0.17 -0.015 0.04
0.173 0.001 0.04
0.17 0.012 0.04
0.184 0.02 0.039
0.179 0.022 0.039
0.177 0.022 0.039
0.176 0.024 0.039
0.175 0.024 0.039
0.177 0.022 0.039
0.177 0.025 0.039
0.167 0.026 0.04
0.167 0.028 0.04
0.161 0.029 0.04
0.142 0.03 0.038
0.125 0.031 0.037
0.118 0.032 0.039
0.089 0.032 0.038
0.068 0.033 0.036
0.046 0.033 0.037
0.028 0.033 0.037
0.003 0.031 0.037
-0.018 0.031 0.037
-0.039 0.028 0.036
-0.064 0.025 0.037
-0.064 0.025 0.037
-0.085 0.025 0.037
-0.119 0.022 0.036
-0.135 0.02 0.034
-0.155 0.018 0.036
-0.166 0.017 0.037
-0.177 0.015 0.037
-0.185 0.014 0.037
-0.192 0.014 0.036
-0.198 0.013 0.037
-0.198 0.013 0.037
-0.199 0.013 0.036
-0.199 0.011 0.036
-0.194 0.011 0.038
-0.191 0.011 0.038
-0.186 0.012 0.038
-0.182 0.013 0.035
-0.17 0.014 0.035
-0.158 0.016 0.037
-0.146 0.018 0.035
-0.129 0.018 0.037
-0.129 0.018 0.037
-0.113 0.021 0.037
-0.097 0.022 0.037
-0.084 0.024 0.037
-0.07 0.026 0.037
-0.045 0.024 0.037
-0.029 0.023 0.037
-0.014 0.022 0.037
-0.005 0.021 0.037
0.005 0.021 0.037
0.005 0.021 0.037
0.007 0.02 0.037
0.008 0.018 0.036
0.002 0.015 0.038
0.003 0.017 0.036
-0.006 0.016 0.037
-0.008 0.016 0.037
-0.013 0.015 0.037
-0.017 0.02 0.037
-0.021 0.031 0.038
-0.021 0.031 0.038
-0.014 0.048 0.037
-0.021 0.065 0.037
-0.021 0.087 0.036
-0.026 0.107 0.035
-0.016 0.13 0.035
-0.011 0.147 0.032
-0.009 0.164 0.035
-0.014 0.175 0.032
-0.018 0.188 0.034
-0.018 0.188 0.034
-0.017 0.191 0.035
-0.015 0.195 0.034
-0.015 0.193 0.035
-0.017 0.188 0.035
-0.027 0.178 0.035
-0.021 0.165 0.036
-0.024 0.145 0.033
-0.032 0.122 0.034
-0.033 0.097 0.035
-0.035 0.068 0.034
-0.035 0.039 0.037
-0.03 0.009 0.039
-0.028 -0.019 0.038
-0.024 -0.047 0.039
-0.03 -0.071 0.04
-0.024 -0.092 0.04
-0.011 -0.111 0.039
-0.006 -0.122 0.042
-0.007 -0.127 0.042
-0.006 -0.13 0.04
-0.009 -0.13 0.039
-0.013 -0.129 0.038
-0.007 -0.13 0.042
-0.008 -0.13 0.04
-0.007 -0.13 0.041
-0.009 -0.13 0.039
-0.008 -0.13 0.042
-0.009 -0.131 0.042
-0.008 -0.13 0.042
-0.004 -0.13 0.042
-0.007 -0.123 0.042
-0.011 -0.111 0.042
-0.021 -0.095 0.04
-0.015 -0.071 0.04
-0.007 -0.05 0.04
-0.0 -0.031 0.038
-0.0 -0.015 0.038
0.001 -0.005 0.038
0.004 -0.001 0.038
0.003 0.002 0.038
0.001 0.007 0.038
-0.003 0.014 0.037
-0.012 0.024 0.038
-0.019 0.037 0.037
-0.033 0.051 0.035
-0.048 0.069 0.034
-0.064 0.086 0.034
-0.076 0.108 0.034
-0.089 0.128 0.034
-0.091 0.144 0.034
-0.098 0.16 0.033
-0.114 0.169 0.034
-0.116 0.18 0.034
-0.119 0.19 0.033
-0.125 0.194 0.034
-0.128 0.197 0.035
-0.13 0.2 0.035
-0.137 0.203 0.034
-0.136 0.203 0.035
-0.14 0.205 0.035
-0.141 0.205 0.035
-0.138 0.203 0.035
-0.141 0.202 0.034
-0.141 0.199 0.035
-0.135 0.198 0.035
-0.131 0.194 0.034
-0.121 0.186 0.035
-0.113 0.175 0.033
-0.1 0.161 0.036
-0.087 0.143 0.035
-0.074 0.127 0.034
-0.061 0.107 0.035
-0.045 0.087 0.035
-0.025 0.071 0.037
-0.01 0.051 0.038
0.006 0.033 0.04
0.021 0.018 0.04
0.037 0.0 0.041
0.049 -0.015 0.04
0.069 -0.029 0.04
0.074 -0.042 0.042
0.091 -0.051 0.041
0.102 -0.061 0.041
0.106 -0.068 0.041
0.118 -0.074 0.042
0.122 -0.078 0.042
0.126 -0.081 0.042
0.13 -0.085 0.042
0.133 -0.09 0.041
0.139 -0.095 0.042
0.146 -0.101 0.043
0.153 -0.106 0.043
0.153 -0.106 0.043
0.161 -0.115 0.043
0.165 -0.124 0.043
0.168 -0.127 0.043
0.166 -0.128 0.043
0.171 -0.129 0.043
0.172 -0.129 0.043
0.175 -0.129 0.043
0.179 -0.129 0.044
0.179 -0.131 0.044
0.179 -0.131 0.044
0.182 -0.13 0.044
0.175 -0.129 0.043
0.175 -0.126 0.043
0.175 -0.121 0.043
0.184 -0.122 0.044
0.186 -0.12 0.042
0.191 -0.119 0.042
0.191 -0.119 0.042
0.191 -0.121 0.042
0.191 -0.121 0.042
0.192 -0.122 0.043
0.193 -0.121 0.043
0.18 -0.118 0.044
0.181 -0.118 0.044
0.18 -0.118 0.044
0.179 -0.118 0.044
0.178 -0.118 0.044
0.171 -0.117 0.043
0.179 -0.12 0.044
0.179 -0.12 0.044
0.175 -0.122 0.043
0.175 -0.125 0.043
0.16 -0.125 0.043
0.153 -0.127 0.043
0.151 -0.128 0.043
0.129 -0.128 0.044
0.118 -0.127 0.043
0.095 -0.119 0.041
0.077 -0.112 0.041
0.077 -0.112 0.041
0.064 -0.099 0.04
0.05 -0.082 0.04
0.041 -0.064 0.041
0.037 -0.048 0.039
0.023 -0.03 0.038
0.01 -0.014 0.037
0.007 0.0 0.037
0.006 0.01 0.037
0.001 0.017 0.038
-0.005 0.019 0.037
-0.005 0.019 0.037
-0.005 0.02 0.037
-0.011 0.022 0.037
-0.013 0.021 0.037
-0.017 0.022 0.038
-0.024 0.024 0.038
-0.018 0.026 0.037
-0.016 0.026 0.038
-0.014 0.026 0.038
-0.015 0.026 0.037
-0.018 0.025 0.037
-0.016 0.027 0.037
-0.015 0.026 0.037
-0.015 0.026 0.037
-0.018 0.026 0.037
-0.017 0.026 0.037
-0.017 0.027 0.037
-0.015 0.026 0.037
-0.019 0.025 0.037
-0.014 0.024 0.037
-0.018 0.025 0.037
-0.018 0.025 0.037
-0.019 0.025 0.037
-0.017 0.026 0.037
-0.019 0.025 0.037
-0.016 0.026 0.037
-0.017 0.026 0.037
-0.017 0.026 0.037
-0.019 0.027 0.037
-0.018 0.025 0.037
-0.021 0.027 0.037
-0.019 0.025 0.037
-0.02 0.025 0.037
-0.019 0.025 0.037
-0.014 0.026 0.036
-0.013 0.026 0.036
-0.017 0.027 0.037
-0.016 0.027 0.036
-0.019 0.027 0.037
-0.018 0.027 0.036
-0.015 0.026 0.036
-0.012 0.026 0.036
-0.013 0.026 0.036
-0.011 0.026 0.036
-0.018 0.027 0.036
-0.017 0.027 0.036
-0.014 0.027 0.036
-0.016 0.027 0.036
-0.016 0.027 0.036
-0.016 0.026 0.036
-0.017 0.028 0.036
-0.016 0.029 0.036
-0.014 0.029 0.036
-0.014 0.028 0.037
-0.018 0.028 0.036
-0.015 0.029 0.036
-0.018 0.028 0.036
-0.017 0.028 0.037
-0.016 0.029 0.037
-0.018 0.03 0.037
-0.016 0.029 0.037
-0.016 0.03 0.037
-0.017 0.03 0.037
-0.02 0.029 0.037
-0.018 0.03 0.037
-0.019 0.03 0.038
-0.019 0.03 0.037
-0.018 0.031 0.037
-0.017 0.031 0.037
-0.019 0.03 0.038
-0.02 0.031 0.038
-0.021 0.031 0.037
-0.021 0.031 0.037
-0.021 0.03 0.038
-0.021 0.031 0.037
-0.028 0.028 0.038
-0.027 0.03 0.038
-0.025 0.028 0.038
-0.024 0.026 0.038
-0.023 0.027 0.038
-0.025 0.026 0.038
-0.025 0.026 0.038
-0.025 0.026 0.038
-0.029 0.025 0.038
-0.031 0.024 0.037
-0.041 0.027 0.037
-0.047 0.027 0.037
-0.056 0.027 0.038
-0.074 0.027 0.037
-0.09 0.03 0.036
-0.101 0.03 0.035
-0.123 0.032 0.037
-0.123 0.032 0.037
-0.146 0.031 0.036
-0.171 0.031 0.036
-0.208 0.032 0.037
-0.229 0.032 0.035
-0.246 0.035 0.036
-0.262 0.035 0.034
-0.284 0.035 0.034
-0.302 0.037 0.034
-0.318 0.038 0.033
-0.333 0.039 0.03
-0.333 0.039 0.03
-0.353 0.039 0.03
-0.511 0.03 0.004
-0.524 0.031 0.003
-0.421 0.038 0.03
-0.439 0.04 0.029
-0.454 0.041 0.029
-0.471 0.042 0.028
-0.597 0.034 -0.001
-0.504 0.042 0.029
-0.504 0.042 0.029
-0.52 0.053 0.029
-0.534 0.043 0.028
-0.549 0.043 0.028
-0.561 0.043 0.028
-0.575 0.041 0.026
-0.596 0.04 0.028
-0.608 0.044 0.028
-0.617 0.042 0.028
-0.624 0.039 0.03
-0.624 0.039 0.03
-0.632 0.035 0.027
-0.637 0.034 0.027
-0.642 0.036 0.027
-0.647 0.037 0.027
-0.65 0.034 0.027
-0.654 0.034 0.027
-0.656 0.036 0.027
-0.657 0.036 0.028
-0.661 0.032 0.028
-0.661 0.032 0.028
-0.661 0.031 0.028
-0.662 0.033 0.028
-0.662 0.033 0.028
-0.661 0.035 0.028
-0.66 0.032 0.027
-0.658 0.035 0.028
-0.656 0.037 0.028
-0.652 0.036 0.027
-0.646 0.034 0.028
-0.64 0.039 0.028
-0.635 0.039 0.028
-0.626 0.038 0.027
-0.618 0.04 0.027
-0.607 0.04 0.027
-0.597 0.041 0.027
-0.587 0.041 0.028
-0.575 0.044 0.028
-0.56 0.045 0.028
-0.547 0.045 0.028
-0.531 0.049 0.028
-0.514 0.051 0.028
-0.498 0.054 0.027
-0.48 0.056 0.028
-0.462 0.067 0.029
-0.446 0.058 0.028
-0.428 0.058 0.029
-0.411 0.058 0.029
-0.394 0.057 0.031
-0.38 0.056 0.033
-0.367 0.056 0.034
-0.346 0.056 0.039
-0.33 0.053 0.046
-0.313 0.049 0.051
-0.291 0.05 0.054
-0.27 0.045 0.057
-0.246 0.044 0.06
-0.227 0.04 0.061
-0.203 0.039 0.063
-0.182 0.036 0.064
-0.161 0.034 0.065
-0.139 0.031 0.064
-0.118 0.031 0.064
-0.101 0.032 0.061
-0.082 0.032 0.062
-0.066 0.032 0.062
-0.053 0.034 0.06
-0.034 0.033 0.059
-0.022 0.033 0.057
-0.004 0.033 0.055
-0.0 0.032 0.051
0.007 0.03 0.049
0.016 0.03 0.046
0.016 0.03 0.041
0.013 0.029 0.038
0.014 0.029 0.036
0.009 0.029 0.036
0.014 0.029 0.036
0.012 0.029 0.036
0.01 0.029 0.036
0.009 0.029 0.035
0.005 0.028 0.036
0.005 0.03 0.036
-0.002 0.028 0.037
-0.006 0.029 0.039
-0.008 0.029 0.039
-0.014 0.027 0.039
-0.016 0.023 0.037
-0.014 0.023 0.037
-0.01 0.023 0.036
-0.011 0.023 0.037
-0.013 0.023 0.037
-0.013 0.023 0.037
-0.014 0.023 0.036
-0.014 0.023 0.036
-0.013 0.023 0.037
-0.008 0.025 0.038
-0.006 0.025 0.038
-0.002 0.025 0.038
0.007 0.025 0.036
0.008 0.025 0.036
0.01 0.026 0.036
0.015 0.028 0.036
0.016 0.029 0.036
0.015 0.029 0.036
0.018 0.03 0.036
0.023 0.03 0.037
0.025 0.031 0.037
0.035 0.032 0.036
0.036 0.032 0.036
0.038 0.032 0.036
0.038 0.032 0.036
0.041 0.031 0.036
0.041 0.031 0.036
0.041 0.029 0.036
0.041 0.027 0.036
0.043 0.025 0.036
0.041 0.022 0.036
0.047 0.021 0.036
0.04 0.018 0.036
0.04 0.018 0.036
0.04 0.016 0.036
0.041 0.015 0.036
0.041 0.015 0.036
0.04 0.013 0.036
0.036 0.013 0.036
0.029 0.012 0.035
0.023 0.012 0.037
0.021 0.012 0.036
0.016 0.013 0.036
0.017 0.013 0.036
0.016 0.014 0.036
0.014 0.017 0.036
0.014 0.017 0.036
0.015 0.018 0.036
0.014 0.019 0.036
0.015 0.022 0.036
0.015 0.023 0.036
0.02 0.024 0.035
0.027 0.028 0.035
0.031 0.029 0.036
0.048 0.031 0.036
0.04 0.032 0.036
0.04 0.032 0.036
0.037 0.032 0.036
0.047 0.031 0.036
0.046 0.03 0.036
0.039 0.028 0.036
0.036 0.027 0.036
0.036 0.026 0.036
0.031 0.023 0.036
0.028 0.023 0.035
0.025 0.022 0.035
0.021 0.02 0.037
0.021 0.02 0.037
0.017 0.019 0.036
0.017 0.019 0.036
0.014 0.018 0.036
0.014 0.018 0.036
0.013 0.017 0.036
0.015 0.017 0.036
0.018 0.017 0.036
0.018 0.017 0.036
0.025 0.018 0.037
0.025 0.018 0.037
0.031 0.018 0.036
0.033 0.018 0.036
0.041 0.021 0.036
0.036 0.022 0.036
0.035 0.023 0.036
0.036 0.024 0.034
0.037 0.026 0.036
0.037 0.027 0.036
0.037 0.028 0.036
0.039 0.029 0.036
0.037 0.031 0.036
0.031 0.03 0.036
0.026 0.03 0.035
0.029 0.032 0.037
0.022 0.03 0.035
0.027 0.029 0.037
0.024 0.028 0.037
